P,e-puck(9),0.726950,-0.281328,0.000000,0.000000
R,e-puck(9),199.526645,0.000000,0.000000,0.000000
F,e-puck(9),0.607602,0.607602,0.726950,-0.281328
U,e-puck(9),0.726950,-0.281328,0.726950,-0.281328
Z,e-puck(9),0.000000,2.800788,0.000000,0.000000
V,e-puck(9),0.000000,0.000000,0.000000,0.000000
P,e-puck(9),0.726938,-0.281311,0.000000,0.000000
R,e-puck(9),199.526612,0.000000,0.000000,0.000000
F,e-puck(9),0.607575,0.067670,0.141206,0.218473
U,e-puck(9),0.605669,-0.177837,0.726938,-0.281311
Z,e-puck(9),0.159414,-1.047191,0.000000,0.000000
V,e-puck(9),0.409948,-0.352084,0.666667,0.666667
P,e-puck(9),0.726562,-0.281431,0.000000,0.000000
R,e-puck(9),199.526624,0.000000,0.000000,0.000000
F,e-puck(9),0.607096,0.067670,0.141206,0.218473
U,e-puck(9),0.557638,-0.137240,0.726562,-0.281431
Z,e-puck(9),0.222096,-1.047376,0.000000,0.000000
V,e-puck(9),0.524323,-0.453066,1.111111,1.111111
P,e-puck(9),0.725908,-0.281654,0.000000,0.000000
R,e-puck(9),199.526636,0.000000,0.000000,0.000000
F,e-puck(9),0.606272,0.067670,0.141206,0.218473
U,e-puck(9),0.456658,-0.051589,0.725908,-0.281654
Z,e-puck(9),0.354155,-1.047886,0.000000,0.000000
V,e-puck(9),0.698503,-0.558110,2.000000,2.000000
P,e-puck(9),0.724713,-0.282072,0.000000,0.000000
R,e-puck(9),199.526682,0.000000,0.000000,0.000000
F,e-puck(9),0.604774,0.067670,0.141206,0.218473
U,e-puck(9),0.397787,-0.002350,0.724713,-0.282072
Z,e-puck(9),0.430262,-1.048548,0.000000,0.000000
V,e-puck(9),0.767960,-0.663296,2.000000,2.000000
P,e-puck(9),0.723511,-0.282495,0.000000,0.000000
R,e-puck(9),199.526722,0.000000,0.000000,0.000000
F,e-puck(9),0.603271,0.067669,0.141156,0.218504
U,e-puck(9),0.333916,0.051447,0.723511,-0.282495
Z,e-puck(9),0.513129,-1.049438,0.000000,0.000000
V,e-puck(9),0.825607,-0.768685,2.000000,2.000000
P,e-puck(9),0.722303,-0.282921,0.000000,0.000000
R,e-puck(9),199.526761,0.000000,0.000000,0.000000
F,e-puck(9),0.601766,0.067665,0.141142,0.218503
U,e-puck(9),0.334225,0.050152,0.722303,-0.282921
Z,e-puck(9),0.511412,-1.050079,0.000000,0.000000
V,e-puck(9),0.823864,-0.874013,2.000000,2.000000
P,e-puck(9),0.721090,-0.283350,0.000000,0.000000
R,e-puck(9),199.526801,0.000000,0.000000,0.000000
F,e-puck(9),0.600258,0.067660,0.141129,0.218501
U,e-puck(9),0.408403,-0.014966,0.721090,-0.283350
Z,e-puck(9),0.412072,-1.050108,0.000000,0.000000
V,e-puck(9),0.751180,-0.979038,2.000000,2.000000
P,e-puck(9),0.719872,-0.283781,0.000000,0.000000
R,e-puck(9),199.526841,0.000000,0.000000,0.000000
F,e-puck(9),0.598747,0.067655,0.141116,0.218498
U,e-puck(9),0.415724,-0.022211,0.719872,-0.283781
Z,e-puck(9),0.401154,-1.051084,0.000000,0.000000
V,e-puck(9),0.740627,-1.084635,2.000000,2.000000
P,e-puck(9),0.718649,-0.284214,0.000000,0.000000
R,e-puck(9),199.526880,0.000000,0.000000,0.000000
F,e-puck(9),0.597235,0.067651,0.141105,0.218495
U,e-puck(9),0.450803,-0.053608,0.718649,-0.284214
Z,e-puck(9),0.353441,-1.051633,0.000000,0.000000
V,e-puck(9),0.694002,-1.190072,2.000000,2.000000
P,e-puck(9),0.717423,-0.284649,0.000000,0.000000
R,e-puck(9),199.526916,0.000000,0.000000,0.000000
F,e-puck(9),0.595721,0.067647,0.141096,0.218492
U,e-puck(9),0.437389,-0.042757,0.717423,-0.284649
Z,e-puck(9),0.370042,-1.053256,0.000000,0.000000
V,e-puck(9),0.709227,-1.296211,2.000000,2.000000
P,e-puck(9),0.716194,-0.285084,0.000000,0.000000
R,e-puck(9),199.526947,0.000000,0.000000,0.000000
F,e-puck(9),0.594207,0.067644,0.141090,0.218490
U,e-puck(9),0.491479,-0.090969,0.716194,-0.285084
Z,e-puck(9),0.296947,-1.053277,0.000000,0.000000
V,e-puck(9),0.627314,-1.401548,2.000000,2.000000
P,e-puck(9),0.714964,-0.285520,0.000000,0.000000
R,e-puck(9),199.526972,0.000000,0.000000,0.000000
F,e-puck(9),0.592696,0.067643,0.141086,0.218489
U,e-puck(9),0.479677,-0.081471,0.714964,-0.285520
Z,e-puck(9),0.311442,-1.055223,0.000000,0.000000
V,e-puck(9),0.643334,-1.508045,2.000000,2.000000
P,e-puck(9),0.713734,-0.285956,0.000000,0.000000
R,e-puck(9),199.526991,0.000000,0.000000,0.000000
F,e-puck(9),0.591188,0.067643,0.141086,0.218489
U,e-puck(9),0.441770,-0.048956,0.713734,-0.285956
Z,e-puck(9),0.360741,-1.057621,0.000000,0.000000
V,e-puck(9),0.695487,-1.615006,2.000000,2.000000
P,e-puck(9),0.712506,-0.286392,0.000000,0.000000
R,e-puck(9),199.527003,0.000000,0.000000,0.000000
F,e-puck(9),0.589685,0.067643,0.141086,0.218489
U,e-puck(9),0.406116,-0.018316,0.712506,-0.286392
Z,e-puck(9),0.407111,-1.059614,0.000000,0.000000
V,e-puck(9),0.737007,-1.721963,2.000000,2.000000
P,e-puck(9),0.711279,-0.286827,0.000000,0.000000
R,e-puck(9),199.527010,0.000000,0.000000,0.000000
F,e-puck(9),0.588188,0.067643,0.141086,0.218489
U,e-puck(9),0.369383,0.013406,0.711279,-0.286827
Z,e-puck(9),0.455009,-1.061417,0.000000,0.000000
V,e-puck(9),0.773545,-1.829007,2.000000,2.000000
P,e-puck(9),0.710057,-0.287260,0.000000,0.000000
R,e-puck(9),199.527015,0.000000,0.000000,0.000000
F,e-puck(9),0.586699,0.067643,0.141086,0.218489
U,e-puck(9),0.385251,-0.001484,0.710057,-0.287260
Z,e-puck(9),0.432628,-1.062374,0.000000,0.000000
V,e-puck(9),0.755334,-1.935722,2.000000,2.000000
P,e-puck(9),0.708839,-0.287692,0.000000,0.000000
R,e-puck(9),199.527018,0.000000,0.000000,0.000000
F,e-puck(9),0.585220,0.067643,0.141086,0.218489
U,e-puck(9),0.360670,0.019674,0.708839,-0.287692
Z,e-puck(9),0.464430,-1.064047,0.000000,0.000000
V,e-puck(9),0.777611,-2.042964,2.000000,2.000000
P,e-puck(9),0.707626,-0.288122,0.000000,0.000000
R,e-puck(9),199.527023,0.000000,0.000000,0.000000
F,e-puck(9),0.583749,0.067643,0.141086,0.218489
U,e-puck(9),0.312686,0.061863,0.707626,-0.288122
Z,e-puck(9),0.527700,-1.065934,0.000000,0.000000
V,e-puck(9),0.816660,-2.150501,2.000000,2.000000
P,e-puck(9),0.706419,-0.288551,0.000000,0.000000
R,e-puck(9),199.527029,0.000000,0.000000,0.000000
F,e-puck(9),0.582289,0.067643,0.141086,0.218489
U,e-puck(9),0.346767,0.030631,0.706419,-0.288551
Z,e-puck(9),0.480860,-1.066663,0.000000,0.000000
V,e-puck(9),0.786287,-2.257530,2.000000,2.000000
P,e-puck(9),0.705217,-0.288977,0.000000,0.000000
R,e-puck(9),199.527038,0.000000,0.000000,0.000000
F,e-puck(9),0.580838,0.067643,0.141086,0.218489
U,e-puck(9),0.312550,0.060772,0.705217,-0.288977
Z,e-puck(9),0.525843,-1.068466,0.000000,0.000000
V,e-puck(9),0.812830,-2.365279,2.000000,2.000000
P,e-puck(9),0.704020,-0.289401,0.000000,0.000000
R,e-puck(9),199.527048,0.000000,0.000000,0.000000
F,e-puck(9),0.579397,0.067643,0.141086,0.218489
U,e-puck(9),0.256481,0.110760,0.704020,-0.289401
Z,e-puck(9),0.600350,-1.070377,0.000000,0.000000
V,e-puck(9),0.849940,-2.473273,2.000000,2.000000
P,e-puck(9),0.702828,-0.289824,0.000000,0.000000
R,e-puck(9),199.527058,0.000000,0.000000,0.000000
F,e-puck(9),0.577965,0.067643,0.141086,0.218489
U,e-puck(9),0.324327,0.048827,0.702828,-0.289824
Z,e-puck(9),0.507885,-1.070700,0.000000,0.000000
V,e-puck(9),0.799527,-2.580503,2.000000,2.000000
P,e-puck(9),0.701639,-0.290246,0.000000,0.000000
R,e-puck(9),199.527066,0.000000,0.000000,0.000000
F,e-puck(9),0.576540,0.067643,0.141086,0.218489
U,e-puck(9),0.365069,0.011324,0.701639,-0.290246
Z,e-puck(9),0.451911,-1.071416,0.000000,0.000000
V,e-puck(9),0.760574,-2.688003,2.000000,2.000000
P,e-puck(9),0.700453,-0.290666,0.000000,0.000000
R,e-puck(9),199.527069,0.000000,0.000000,0.000000
F,e-puck(9),0.575121,0.067643,0.141086,0.218489
U,e-puck(9),0.401182,-0.022091,0.700453,-0.290666
Z,e-puck(9),0.402114,-1.072207,0.000000,0.000000
V,e-puck(9),0.719464,-2.795619,2.000000,2.000000
P,e-puck(9),0.699268,-0.291086,0.000000,0.000000
R,e-puck(9),199.527068,0.000000,0.000000,0.000000
F,e-puck(9),0.573707,0.067643,0.141086,0.218489
U,e-puck(9),0.339298,0.033830,0.699268,-0.291086
Z,e-puck(9),0.484922,-1.075072,0.000000,0.000000
V,e-puck(9),0.779958,-2.904561,2.000000,2.000000
P,e-puck(9),0.698083,-0.291506,0.000000,0.000000
R,e-puck(9),199.527060,0.000000,0.000000,0.000000
F,e-puck(9),0.572297,0.067643,0.141086,0.218489
U,e-puck(9),0.267559,0.098945,0.698083,-0.291506
Z,e-puck(9),0.581209,-1.077438,0.000000,0.000000
V,e-puck(9),0.833015,-3.013487,2.000000,2.000000
P,e-puck(9),0.696898,-0.291927,0.000000,0.000000
R,e-puck(9),199.527047,0.000000,0.000000,0.000000
F,e-puck(9),0.570888,0.067643,0.141086,0.218489
U,e-puck(9),0.296639,0.071713,0.696898,-0.291927
Z,e-puck(9),0.540778,-1.078310,0.000000,0.000000
V,e-puck(9),0.810710,-3.121753,2.000000,2.000000
P,e-puck(9),0.695709,-0.292348,0.000000,0.000000
R,e-puck(9),199.527030,0.000000,0.000000,0.000000
F,e-puck(9),0.569479,0.067643,0.141086,0.218489
U,e-puck(9),0.333294,0.037440,0.695709,-0.292348
Z,e-puck(9),0.490006,-1.079109,0.000000,0.000000
V,e-puck(9),0.778952,-3.230063,2.000000,2.000000
P,e-puck(9),0.694517,-0.292771,0.000000,0.000000
R,e-puck(9),199.527010,0.000000,0.000000,0.000000
F,e-puck(9),0.568069,0.067643,0.141086,0.218489
U,e-puck(9),0.401221,-0.025833,0.694517,-0.292771
Z,e-puck(9),0.396584,-1.079196,0.000000,0.000000
V,e-puck(9),0.707233,-3.338025,2.000000,2.000000
P,e-puck(9),0.693321,-0.293195,0.000000,0.000000
R,e-puck(9),199.526991,0.000000,0.000000,0.000000
F,e-puck(9),0.566658,0.067643,0.141086,0.218489
U,e-puck(9),0.445590,-0.067512,0.693321,-0.293195
Z,e-puck(9),0.335118,-1.079670,0.000000,0.000000
V,e-puck(9),0.646269,-3.446230,2.000000,2.000000
P,e-puck(9),0.692120,-0.293621,0.000000,0.000000
R,e-puck(9),199.526972,0.000000,0.000000,0.000000
F,e-puck(9),0.565244,0.067643,0.141086,0.218489
U,e-puck(9),0.486005,-0.105704,0.692120,-0.293621
Z,e-puck(9),0.278920,-1.080056,0.000000,0.000000
V,e-puck(9),0.578805,-3.554428,2.000000,2.000000
P,e-puck(9),0.690914,-0.294049,0.000000,0.000000
R,e-puck(9),199.526956,0.000000,0.000000,0.000000
F,e-puck(9),0.563827,0.067643,0.141086,0.218489
U,e-puck(9),0.396696,-0.023161,0.690914,-0.294049
Z,e-puck(9),0.399930,-1.084948,0.000000,0.000000
V,e-puck(9),0.704105,-3.665373,2.000000,2.000000
P,e-puck(9),0.689702,-0.294479,0.000000,0.000000
R,e-puck(9),199.526942,0.000000,0.000000,0.000000
F,e-puck(9),0.562407,0.067643,0.141086,0.218489
U,e-puck(9),0.416001,-0.041932,0.689702,-0.294479
Z,e-puck(9),0.372414,-1.086031,0.000000,0.000000
V,e-puck(9),0.677779,-3.774515,2.000000,2.000000
P,e-puck(9),0.688486,-0.294910,0.000000,0.000000
R,e-puck(9),199.526930,0.000000,0.000000,0.000000
F,e-puck(9),0.560985,0.067643,0.141086,0.218489
U,e-puck(9),0.372667,-0.002030,0.688486,-0.294910
Z,e-puck(9),0.430721,-1.088539,0.000000,0.000000
V,e-puck(9),0.725898,-3.884624,2.000000,2.000000
P,e-puck(9),0.687266,-0.295343,0.000000,0.000000
R,e-puck(9),199.526918,0.000000,0.000000,0.000000
F,e-puck(9),0.559562,0.067643,0.141086,0.218489
U,e-puck(9),0.333031,0.034525,0.687266,-0.295343
Z,e-puck(9),0.484040,-1.090602,0.000000,0.000000
V,e-puck(9),0.762449,-3.994715,2.000000,2.000000
P,e-puck(9),0.686042,-0.295777,0.000000,0.000000
R,e-puck(9),199.526904,0.000000,0.000000,0.000000
F,e-puck(9),0.558138,0.067643,0.141086,0.218489
U,e-puck(9),0.374005,-0.004847,0.686042,-0.295777
Z,e-puck(9),0.426624,-1.091215,0.000000,0.000000
V,e-puck(9),0.719752,-4.104142,2.000000,2.000000
P,e-puck(9),0.684816,-0.296211,0.000000,0.000000
R,e-puck(9),199.526886,0.000000,0.000000,0.000000
F,e-puck(9),0.556715,0.067643,0.141086,0.218489
U,e-puck(9),0.369979,-0.001742,0.684816,-0.296211
Z,e-puck(9),0.431086,-1.092792,0.000000,0.000000
V,e-puck(9),0.721594,-4.214210,2.000000,2.000000
P,e-puck(9),0.683590,-0.296646,0.000000,0.000000
R,e-puck(9),199.526865,0.000000,0.000000,0.000000
F,e-puck(9),0.555294,0.067643,0.141086,0.218489
U,e-puck(9),0.299900,0.064099,0.683590,-0.296646
Z,e-puck(9),0.526645,-1.095395,0.000000,0.000000
V,e-puck(9),0.783806,-4.325052,2.000000,2.000000
P,e-puck(9),0.682363,-0.297081,0.000000,0.000000
R,e-puck(9),199.526838,0.000000,0.000000,0.000000
F,e-puck(9),0.553877,0.067643,0.141086,0.218489
U,e-puck(9),0.360408,0.005806,0.682363,-0.297081
Z,e-puck(9),0.442037,-1.095699,0.000000,0.000000
V,e-puck(9),0.726920,-4.434772,2.000000,2.000000
P,e-puck(9),0.681138,-0.297516,0.000000,0.000000
R,e-puck(9),199.526808,0.000000,0.000000,0.000000
F,e-puck(9),0.552465,0.067643,0.141086,0.218489
U,e-puck(9),0.370314,-0.004317,0.681138,-0.297516
Z,e-puck(9),0.427291,-1.097033,0.000000,0.000000
V,e-puck(9),0.713995,-4.545143,2.000000,2.000000
P,e-puck(9),0.679916,-0.297949,0.000000,0.000000
R,e-puck(9),199.526776,0.000000,0.000000,0.000000
F,e-puck(9),0.551060,0.067643,0.141086,0.218489
U,e-puck(9),0.347256,0.017120,0.679916,-0.297949
Z,e-puck(9),0.458183,-1.099053,0.000000,0.000000
V,e-puck(9),0.735219,-4.656059,2.000000,2.000000
P,e-puck(9),0.678698,-0.298381,0.000000,0.000000
R,e-puck(9),199.526742,0.000000,0.000000,0.000000
F,e-puck(9),0.549662,0.067643,0.141086,0.218489
U,e-puck(9),0.362839,0.001486,0.678698,-0.298381
Z,e-puck(9),0.435531,-1.100238,0.000000,0.000000
V,e-puck(9),0.716984,-4.766674,2.000000,2.000000
